(0,0)	(8557.4,0)	(10,0)	(8557.34,0)	(0.1,0)	(10,0)	(65301.1,0)	(0.1,0)	(65293.4,0)	(-0.0133631,-0)	(-0.0133613,-0)	(-0.000782339,0)	
(0,0)	(0.861165,0)	(10,0)	(0.667047,0)	(0.1,-0)	(10,-0)	(10.469,0)	(0.1,-0)	(0.763125,0)	(-2.50799,-0)	(-0.0228033,-0)	(-2.05103,0)	
(0,0)	(0.665256,0)	(10,0)	(0.64213,0)	(0.1,0)	(10,0)	(2.92741,0)	(0.1,0)	(0.736273,0)	(-0.57872,-0)	(-0.0165522,-0)	(-0.000800009,0)	
(0,0)	(0.641158,0)	(10,0)	(0.631559,0)	(0.1,0)	(10,0)	(1.09087,0)	(0.1,0)	(0.724618,0)	(-0.1089,-0)	(-0.0138389,-0)	(-0.000800009,0)	
(0,0)	(0.631398,0)	(10,0)	(0.630043,0)	(0.1,0)	(10,0)	(1.09087,0)	(0.1,0)	(0.722935,0)	(-0.1089,-0)	(-0.0134471,-0)	(-0.000800009,0)	
(0,0)	(0.630122,0)	(10,0)	(0.630016,0)	(0.1,0)	(10,0)	(1.09087,0)	(0.1,0)	(0.722905,0)	(-0.1089,-0)	(-0.0134402,-0)	(-0.000800009,0)	
(0,0)	(8557.4,0)	(10,0)	(8557.34,0)	(0.1,0)	(10,0)	(65301.1,0)	(0.1,0)	(65293.4,0)	(-0.0133631,-0)	(-0.0133613,-0)	(-0.000782339,0)	
(0,0)	(0.861165,0)	(10,0)	(0.667047,0)	(0.1,-0)	(10,-0)	(10.469,0)	(0.1,-0)	(0.763125,0)	(-2.50799,-0)	(-0.0228033,-0)	(-2.05103,0)	
(0,0)	(0.665256,0)	(10,0)	(0.64213,0)	(0.1,0)	(10,0)	(2.92741,0)	(0.1,0)	(0.736273,0)	(-0.57872,-0)	(-0.0165522,-0)	(-0.000800009,0)	
(0,0)	(0.641158,0)	(10,0)	(0.631559,0)	(0.1,0)	(10,0)	(1.09087,0)	(0.1,0)	(0.724618,0)	(-0.1089,-0)	(-0.0138389,-0)	(-0.000800009,0)	
(0,0)	(0.631398,0)	(10,0)	(0.630043,0)	(0.1,0)	(10,0)	(1.09087,0)	(0.1,0)	(0.722935,0)	(-0.1089,-0)	(-0.0134471,-0)	(-0.000800009,0)	
(0,0)	(0.630122,0)	(10,0)	(0.630016,0)	(0.1,0)	(10,0)	(1.09087,0)	(0.1,0)	(0.722905,0)	(-0.1089,-0)	(-0.0134402,-0)	(-0.000800009,0)	
(0,0)	(8557.4,0)	(10,0)	(8557.34,0)	(0.1,0)	(10,0)	(65301.1,0)	(0.1,0)	(65293.4,0)	(-0.0133631,-0)	(-0.0133613,-0)	(-0.000782339,0)	
(0,0)	(0.861165,0)	(10,0)	(0.667047,0)	(0.1,-0)	(10,-0)	(10.469,0)	(0.1,-0)	(0.763125,0)	(-2.50799,-0)	(-0.0228033,-0)	(-2.05103,0)	
(0,0)	(0.665256,0)	(10,0)	(0.64213,0)	(0.1,0)	(10,0)	(2.92741,0)	(0.1,0)	(0.736273,0)	(-0.57872,-0)	(-0.0165522,-0)	(-0.000800009,0)	
(0,0)	(0.641158,0)	(10,0)	(0.631559,0)	(0.1,0)	(10,0)	(1.09087,0)	(0.1,0)	(0.724618,0)	(-0.1089,-0)	(-0.0138389,-0)	(-0.000800009,0)	
(0,0)	(0.631398,0)	(10,0)	(0.630043,0)	(0.1,0)	(10,0)	(1.09087,0)	(0.1,0)	(0.722935,0)	(-0.1089,-0)	(-0.0134471,-0)	(-0.000800009,0)	
(0,0)	(0.630122,0)	(10,0)	(0.630016,0)	(0.1,0)	(10,0)	(1.09087,0)	(0.1,0)	(0.722905,0)	(-0.1089,-0)	(-0.0134402,-0)	(-0.000800009,0)	
(0,0)	(8557.4,0)	(10,0)	(8557.34,0)	(0.1,0)	(10,0)	(65301.1,0)	(0.1,0)	(65293.4,0)	(-0.0133631,-0)	(-0.0133613,-0)	(-0.000782339,0)	
(0,0)	(0.861165,0)	(10,0)	(0.667047,0)	(0.1,-0)	(10,-0)	(10.469,0)	(0.1,-0)	(0.763125,0)	(-2.50799,-0)	(-0.0228033,-0)	(-2.05103,0)	
(0,0)	(0.665256,0)	(10,0)	(0.64213,0)	(0.1,0)	(10,0)	(2.92741,0)	(0.1,0)	(0.736273,0)	(-0.57872,-0)	(-0.0165522,-0)	(-0.000800009,0)	
(0,0)	(0.641158,0)	(10,0)	(0.631559,0)	(0.1,0)	(10,0)	(1.09087,0)	(0.1,0)	(0.724618,0)	(-0.1089,-0)	(-0.0138389,-0)	(-0.000800009,0)	
(0,0)	(0.631398,0)	(10,0)	(0.630043,0)	(0.1,0)	(10,0)	(1.09087,0)	(0.1,0)	(0.722935,0)	(-0.1089,-0)	(-0.0134471,-0)	(-0.000800009,0)	
(0,0)	(0.630122,0)	(10,0)	(0.630016,0)	(0.1,0)	(10,0)	(1.09087,0)	(0.1,0)	(0.722905,0)	(-0.1089,-0)	(-0.0134402,-0)	(-0.000800009,0)	
(0,0)	(8557.4,0)	(10,0)	(8557.34,0)	(0.1,0)	(10,0)	(65301.1,0)	(0.1,0)	(65293.4,0)	(-0.0133631,-0)	(-0.0133613,-0)	(-0.000782339,0)	
(0,0)	(0.861165,0)	(10,0)	(0.667047,0)	(0.1,-0)	(10,-0)	(10.469,0)	(0.1,-0)	(0.763125,0)	(-2.50799,-0)	(-0.0228033,-0)	(-2.05103,0)	
(0,0)	(0.665256,0)	(10,0)	(0.64213,0)	(0.1,0)	(10,0)	(2.92741,0)	(0.1,0)	(0.736273,0)	(-0.57872,-0)	(-0.0165522,-0)	(-0.000800009,0)	
(0,0)	(0.641158,0)	(10,0)	(0.631559,0)	(0.1,0)	(10,0)	(1.09087,0)	(0.1,0)	(0.724618,0)	(-0.1089,-0)	(-0.0138389,-0)	(-0.000800009,0)	
(0,0)	(0.631398,0)	(10,0)	(0.630043,0)	(0.1,0)	(10,0)	(1.09087,0)	(0.1,0)	(0.722935,0)	(-0.1089,-0)	(-0.0134471,-0)	(-0.000800009,0)	
(0,0)	(0.630122,0)	(10,0)	(0.630016,0)	(0.1,0)	(10,0)	(1.09087,0)	(0.1,0)	(0.722905,0)	(-0.1089,-0)	(-0.0134402,-0)	(-0.000800009,0)	
(0,0)	(8557.4,0)	(10,0)	(8557.34,0)	(0.1,0)	(10,0)	(65301.1,0)	(0.1,0)	(65293.4,0)	(-0.0133631,-0)	(-0.0133613,-0)	(-0.000782339,0)	
(0,0)	(0.861165,0)	(10,0)	(0.667047,0)	(0.1,-0)	(10,-0)	(10.469,0)	(0.1,-0)	(0.763125,0)	(-2.50799,-0)	(-0.0228033,-0)	(-2.05103,0)	
(0,0)	(0.665256,0)	(10,0)	(0.64213,0)	(0.1,0)	(10,0)	(2.92741,0)	(0.1,0)	(0.736273,0)	(-0.57872,-0)	(-0.0165522,-0)	(-0.000800009,0)	
(0,0)	(0.641158,0)	(10,0)	(0.631559,0)	(0.1,0)	(10,0)	(1.09087,0)	(0.1,0)	(0.724618,0)	(-0.1089,-0)	(-0.0138389,-0)	(-0.000800009,0)	
(0,0)	(0.631398,0)	(10,0)	(0.630043,0)	(0.1,0)	(10,0)	(1.09087,0)	(0.1,0)	(0.722935,0)	(-0.1089,-0)	(-0.0134471,-0)	(-0.000800009,0)	
(0,0)	(0.630122,0)	(10,0)	(0.630016,0)	(0.1,0)	(10,0)	(1.09087,0)	(0.1,0)	(0.722905,0)	(-0.1089,-0)	(-0.0134402,-0)	(-0.000800009,0)	
(0,0)	(8520.99,0)	(10,0)	(8520.88,0)	(0.1,0)	(10,0)	(63237,0)	(0.1,0)	(63229.2,0)	(-0.0129091,-0)	(-0.0129073,-0)	(-0.000774756,0)	
(0,0)	(0.861165,0)	(10,0)	(0.667047,0)	(0.1,-0)	(10,-0)	(10.469,0)	(0.1,-0)	(0.763125,0)	(-2.50799,-0)	(-0.0228033,-0)	(-2.05103,0)	
(0,0)	(0.665257,0)	(10,0)	(0.64213,0)	(0.1,0)	(10,0)	(2.92741,0)	(0.1,0)	(0.736273,0)	(-0.57872,-0)	(-0.0165522,-0)	(-0.000800017,0)	
(0,0)	(0.641158,0)	(10,0)	(0.631559,0)	(0.1,0)	(10,0)	(1.09087,0)	(0.1,0)	(0.724618,0)	(-0.108901,-0)	(-0.0138389,-0)	(-0.000800017,0)	
(0,0)	(0.631398,0)	(10,0)	(0.630043,0)	(0.1,0)	(10,0)	(1.09087,0)	(0.1,0)	(0.722935,0)	(-0.108901,-0)	(-0.0134471,-0)	(-0.000800017,0)	
(0,0)	(0.630122,0)	(10,0)	(0.630016,0)	(0.1,0)	(10,0)	(1.09087,0)	(0.1,0)	(0.722905,0)	(-0.108901,-0)	(-0.0134402,-0)	(-0.000800017,0)	
(0,0)	(8520.99,0)	(10,0)	(8520.88,0)	(0.1,0)	(10,0)	(63237,0)	(0.1,0)	(63229.2,0)	(-0.0129091,-0)	(-0.0129073,-0)	(-0.000774756,0)	
(0,0)	(0.861165,0)	(10,0)	(0.667047,0)	(0.1,-0)	(10,-0)	(10.469,0)	(0.1,-0)	(0.763125,0)	(-2.50799,-0)	(-0.0228033,-0)	(-2.05103,0)	
(0,0)	(0.665257,0)	(10,0)	(0.64213,0)	(0.1,0)	(10,0)	(2.92741,0)	(0.1,0)	(0.736273,0)	(-0.57872,-0)	(-0.0165522,-0)	(-0.000800017,0)	
(0,0)	(0.641158,0)	(10,0)	(0.631559,0)	(0.1,0)	(10,0)	(1.09087,0)	(0.1,0)	(0.724618,0)	(-0.108901,-0)	(-0.0138389,-0)	(-0.000800017,0)	
(0,0)	(0.631398,0)	(10,0)	(0.630043,0)	(0.1,0)	(10,0)	(1.09087,0)	(0.1,0)	(0.722935,0)	(-0.108901,-0)	(-0.0134471,-0)	(-0.000800017,0)	
(0,0)	(0.630122,0)	(10,0)	(0.630016,0)	(0.1,0)	(10,0)	(1.09087,0)	(0.1,0)	(0.722905,0)	(-0.108901,-0)	(-0.0134402,-0)	(-0.000800017,0)	
(0,0)	(8520.99,0)	(10,0)	(8520.88,0)	(0.1,0)	(10,0)	(63237,0)	(0.1,0)	(63229.2,0)	(-0.0129091,-0)	(-0.0129073,-0)	(-0.000774756,0)	
(0,0)	(0.861165,0)	(10,0)	(0.667047,0)	(0.1,-0)	(10,-0)	(10.469,0)	(0.1,-0)	(0.763125,0)	(-2.50799,-0)	(-0.0228033,-0)	(-2.05103,0)	
(0,0)	(0.665257,0)	(10,0)	(0.64213,0)	(0.1,0)	(10,0)	(2.92741,0)	(0.1,0)	(0.736273,0)	(-0.57872,-0)	(-0.0165522,-0)	(-0.000800017,0)	
(0,0)	(0.641158,0)	(10,0)	(0.631559,0)	(0.1,0)	(10,0)	(1.09087,0)	(0.1,0)	(0.724618,0)	(-0.108901,-0)	(-0.0138389,-0)	(-0.000800017,0)	
(0,0)	(0.631398,0)	(10,0)	(0.630043,0)	(0.1,0)	(10,0)	(1.09087,0)	(0.1,0)	(0.722935,0)	(-0.108901,-0)	(-0.0134471,-0)	(-0.000800017,0)	
(0,0)	(0.630122,0)	(10,0)	(0.630016,0)	(0.1,0)	(10,0)	(1.09087,0)	(0.1,0)	(0.722905,0)	(-0.108901,-0)	(-0.0134402,-0)	(-0.000800017,0)	
(0,0)	(0.630103,0)	(10,0)	(0.630016,0)	(0.1,0)	(10,0)	(1.09087,0)	(0.1,0)	(0.722905,0)	(-0.108901,-0)	(-0.0134402,-0)	(-0.000800017,0)	
(0,0)	(0.630103,0)	(10,0)	(0.630016,0)	(0.1,0)	(10,0)	(1.09087,0)	(0.1,0)	(0.722905,0)	(-0.108901,-0)	(-0.0134402,-0)	(-0.000800017,0)	
(0,0)	(0.630103,0)	(10,0)	(0.630016,0)	(0.1,0)	(10,0)	(1.09087,0)	(0.1,0)	(0.722905,0)	(-0.108901,-0)	(-0.0134402,-0)	(-0.000800017,0)	
(0,0)	(8520.99,0)	(10,0)	(8520.88,0)	(0.1,0)	(10,0)	(63237,0)	(0.1,0)	(63229.2,0)	(-295726,0)	(-10,0)	(-295722,0)	(-0.1,0)	(-10,0)	(-73886.6,0)	(-0.1,0)	(-73877.4,0)	(-0.0129091,-0)	(-0.0129073,-0)	(-0.000774756,0)	(-0.000774509,0)	(0.00160499,-0)	(0.00160503,-0)	(0.00677042,-0)	
(0,0)	(0.861165,0)	(10,0)	(0.667047,0)	(0.1,-0)	(10,-0)	(10.469,0)	(0.1,-0)	(0.763125,0)	(-0.861165,0)	(-10,-0)	(-0.667047,0)	(-0.1,-0)	(-10,-0)	(-10.469,0)	(-0.1,-0)	(-0.763125,0)	(-2.50799,-0)	(-0.0228033,-0)	(-2.05103,0)	(-0.0217969,0)	(-2.50799,-0)	(-0.0228033,-0)	(-2.05103,-0)	
(0,0)	(0.665257,0)	(10,0)	(0.64213,0)	(0.1,0)	(10,0)	(2.92741,0)	(0.1,0)	(0.736273,0)	(-0.665257,0)	(-10,0)	(-0.64213,0)	(-0.1,0)	(-10,0)	(-2.92741,0)	(-0.1,0)	(-0.736273,0)	(-0.57872,-0)	(-0.0165522,-0)	(-0.000800017,0)	(-0.000796604,0)	(-0.57872,0)	(-0.0165522,0)	(-0.000800017,-0)	
(0,0)	(0.641158,0)	(10,0)	(0.631559,0)	(0.1,0)	(10,0)	(1.09087,0)	(0.1,0)	(0.724618,0)	(-0.641158,0)	(-10,0)	(-0.631559,0)	(-0.1,0)	(-10,0)	(-1.09087,0)	(-0.1,0)	(-0.724618,0)	(-0.108901,-0)	(-0.0138389,-0)	(-0.000800017,0)	(-0.000796604,0)	(-0.108901,0)	(-0.0138389,0)	(-0.000800017,-0)	
(0,0)	(0.631398,0)	(10,0)	(0.630043,0)	(0.1,0)	(10,0)	(1.09087,0)	(0.1,0)	(0.722935,0)	(-0.631398,0)	(-10,0)	(-0.630043,0)	(-0.1,0)	(-10,0)	(-1.09087,0)	(-0.1,0)	(-0.722935,0)	(-0.108901,-0)	(-0.0134471,-0)	(-0.000800017,0)	(-0.000796604,0)	(-0.108901,0)	(-0.0134471,0)	(-0.000800017,-0)	
(0,0)	(0.630122,0)	(10,0)	(0.630016,0)	(0.1,0)	(10,0)	(1.09087,0)	(0.1,0)	(0.722905,0)	(-0.630122,0)	(-10,0)	(-0.630016,0)	(-0.1,0)	(-10,0)	(-1.09087,0)	(-0.1,0)	(-0.722905,0)	(-0.108901,-0)	(-0.0134402,-0)	(-0.000800017,0)	(-0.000796604,0)	(-0.108901,0)	(-0.0134402,0)	(-0.000800017,-0)	
(0,0)	(0.630103,0)	(10,0)	(0.630016,0)	(0.1,0)	(10,0)	(1.09087,0)	(0.1,0)	(0.722905,0)	(-0.630103,0)	(-10,0)	(-0.630016,0)	(-0.1,0)	(-10,0)	(-1.09087,0)	(-0.1,0)	(-0.722905,0)	(-0.108901,-0)	(-0.0134402,-0)	(-0.000800017,0)	(-0.000796604,0)	(-0.108901,0)	(-0.0134402,0)	(-0.000800017,-0)	
(0,0)	(0.630103,0)	(10,0)	(0.630016,0)	(0.1,0)	(10,0)	(1.09087,0)	(0.1,0)	(0.722905,0)	(-0.630103,0)	(-10,0)	(-0.630016,0)	(-0.1,0)	(-10,0)	(-1.09087,0)	(-0.1,0)	(-0.722905,0)	(-0.108901,-0)	(-0.0134402,-0)	(-0.000800017,0)	(-0.000796604,0)	(-0.108901,0)	(-0.0134402,0)	(-0.000800017,-0)	
(0,0)	(0.630103,0)	(10,0)	(0.630016,0)	(0.1,0)	(10,0)	(1.09087,0)	(0.1,0)	(0.722905,0)	(-0.630103,0)	(-10,0)	(-0.630016,0)	(-0.1,0)	(-10,0)	(-1.09087,0)	(-0.1,0)	(-0.722905,0)	(-0.108901,-0)	(-0.0134402,-0)	(-0.000800017,0)	(-0.000796604,0)	(-0.108901,0)	(-0.0134402,0)	(-0.000800017,-0)	
(0,0)	(8520.99,0)	(10,0)	(8520.88,0)	(0.1,0)	(10,0)	(63237,0)	(0.1,0)	(63229.2,0)	(-295726,0)	(-10,0)	(-295722,0)	(-0.1,0)	(-10,0)	(-73886.6,0)	(-0.1,0)	(-73877.4,0)	(-0.0129091,-0)	(-0.0129073,-0)	(-0.000774756,0)	(-0.000774509,0)	(0.00160499,-0)	(0.00160503,-0)	(0.00677042,-0)	
(0,0)	(0.861165,0)	(10,0)	(0.667047,0)	(0.1,-0)	(10,-0)	(10.469,0)	(0.1,-0)	(0.763125,0)	(-0.861165,0)	(-10,-0)	(-0.667047,0)	(-0.1,-0)	(-10,-0)	(-10.469,0)	(-0.1,-0)	(-0.763125,0)	(-2.50799,-0)	(-0.0228033,-0)	(-2.05103,0)	(-0.0217969,0)	(-2.50799,-0)	(-0.0228033,-0)	(-2.05103,-0)	
(0,0)	(0.665257,0)	(10,0)	(0.64213,0)	(0.1,0)	(10,0)	(2.92741,0)	(0.1,0)	(0.736273,0)	(-0.665257,0)	(-10,0)	(-0.64213,0)	(-0.1,0)	(-10,0)	(-2.92741,0)	(-0.1,0)	(-0.736273,0)	(-0.57872,-0)	(-0.0165522,-0)	(-0.000800017,0)	(-0.000796604,0)	(-0.57872,0)	(-0.0165522,0)	(-0.000800017,-0)	
(0,0)	(0.641158,0)	(10,0)	(0.631559,0)	(0.1,0)	(10,0)	(1.09087,0)	(0.1,0)	(0.724618,0)	(-0.641158,0)	(-10,0)	(-0.631559,0)	(-0.1,0)	(-10,0)	(-1.09087,0)	(-0.1,0)	(-0.724618,0)	(-0.108901,-0)	(-0.0138389,-0)	(-0.000800017,0)	(-0.000796604,0)	(-0.108901,0)	(-0.0138389,0)	(-0.000800017,-0)	
(0,0)	(0.631398,0)	(10,0)	(0.630043,0)	(0.1,0)	(10,0)	(1.09087,0)	(0.1,0)	(0.722935,0)	(-0.631398,0)	(-10,0)	(-0.630043,0)	(-0.1,0)	(-10,0)	(-1.09087,0)	(-0.1,0)	(-0.722935,0)	(-0.108901,-0)	(-0.0134471,-0)	(-0.000800017,0)	(-0.000796604,0)	(-0.108901,0)	(-0.0134471,0)	(-0.000800017,-0)	
(0,0)	(0.630122,0)	(10,0)	(0.630016,0)	(0.1,0)	(10,0)	(1.09087,0)	(0.1,0)	(0.722905,0)	(-0.630122,0)	(-10,0)	(-0.630016,0)	(-0.1,0)	(-10,0)	(-1.09087,0)	(-0.1,0)	(-0.722905,0)	(-0.108901,-0)	(-0.0134402,-0)	(-0.000800017,0)	(-0.000796604,0)	(-0.108901,0)	(-0.0134402,0)	(-0.000800017,-0)	
(0,0)	(0.630103,0)	(10,0)	(0.630016,0)	(0.1,0)	(10,0)	(1.09087,0)	(0.1,0)	(0.722905,0)	(-0.630103,0)	(-10,0)	(-0.630016,0)	(-0.1,0)	(-10,0)	(-1.09087,0)	(-0.1,0)	(-0.722905,0)	(-0.108901,-0)	(-0.0134402,-0)	(-0.000800017,0)	(-0.000796604,0)	(-0.108901,0)	(-0.0134402,0)	(-0.000800017,-0)	
(0,0)	(0.630103,0)	(10,0)	(0.630016,0)	(0.1,0)	(10,0)	(1.09087,0)	(0.1,0)	(0.722905,0)	(-0.630103,0)	(-10,0)	(-0.630016,0)	(-0.1,0)	(-10,0)	(-1.09087,0)	(-0.1,0)	(-0.722905,0)	(-0.108901,-0)	(-0.0134402,-0)	(-0.000800017,0)	(-0.000796604,0)	(-0.108901,0)	(-0.0134402,0)	(-0.000800017,-0)	
(0,0)	(0.630103,0)	(10,0)	(0.630016,0)	(0.1,0)	(10,0)	(1.09087,0)	(0.1,0)	(0.722905,0)	(-0.630103,0)	(-10,0)	(-0.630016,0)	(-0.1,0)	(-10,0)	(-1.09087,0)	(-0.1,0)	(-0.722905,0)	(-0.108901,-0)	(-0.0134402,-0)	(-0.000800017,0)	(-0.000796604,0)	(-0.108901,0)	(-0.0134402,0)	(-0.000800017,-0)	
(0,0)	(8520.99,0)	(10,0)	(8520.88,0)	(0.1,0)	(10,0)	(63237,0)	(0.1,0)	(63229.2,0)	(-295726,0)	(-10,0)	(-295722,0)	(-0.1,0)	(-10,0)	(-73886.6,0)	(-0.1,0)	(-73877.4,0)	(-0.0129091,-0)	(-0.0129073,-0)	(-0.000774756,0)	(-0.000774509,0)	(0.00160499,-0)	(0.00160503,-0)	(0.00677042,-0)	
(0,0)	(0.861165,0)	(10,0)	(0.667047,0)	(0.1,-0)	(10,-0)	(10.469,0)	(0.1,-0)	(0.763125,0)	(-0.861165,0)	(-10,-0)	(-0.667047,0)	(-0.1,-0)	(-10,-0)	(-10.469,0)	(-0.1,-0)	(-0.763125,0)	(-2.50799,-0)	(-0.0228033,-0)	(-2.05103,0)	(-0.0217969,0)	(-2.50799,-0)	(-0.0228033,-0)	(-2.05103,-0)	
(0,0)	(0.665257,0)	(10,0)	(0.64213,0)	(0.1,0)	(10,0)	(2.92741,0)	(0.1,0)	(0.736273,0)	(-0.665257,0)	(-10,0)	(-0.64213,0)	(-0.1,0)	(-10,0)	(-2.92741,0)	(-0.1,0)	(-0.736273,0)	(-0.57872,-0)	(-0.0165522,-0)	(-0.000800017,0)	(-0.000796604,0)	(-0.57872,0)	(-0.0165522,0)	(-0.000800017,-0)	
(0,0)	(0.641158,0)	(10,0)	(0.631559,0)	(0.1,0)	(10,0)	(1.09087,0)	(0.1,0)	(0.724618,0)	(-0.641158,0)	(-10,0)	(-0.631559,0)	(-0.1,0)	(-10,0)	(-1.09087,0)	(-0.1,0)	(-0.724618,0)	(-0.108901,-0)	(-0.0138389,-0)	(-0.000800017,0)	(-0.000796604,0)	(-0.108901,0)	(-0.0138389,0)	(-0.000800017,-0)	
(0,0)	(0.631398,0)	(10,0)	(0.630043,0)	(0.1,0)	(10,0)	(1.09087,0)	(0.1,0)	(0.722935,0)	(-0.631398,0)	(-10,0)	(-0.630043,0)	(-0.1,0)	(-10,0)	(-1.09087,0)	(-0.1,0)	(-0.722935,0)	(-0.108901,-0)	(-0.0134471,-0)	(-0.000800017,0)	(-0.000796604,0)	(-0.108901,0)	(-0.0134471,0)	(-0.000800017,-0)	
(0,0)	(0.630122,0)	(10,0)	(0.630016,0)	(0.1,0)	(10,0)	(1.09087,0)	(0.1,0)	(0.722905,0)	(-0.630122,0)	(-10,0)	(-0.630016,0)	(-0.1,0)	(-10,0)	(-1.09087,0)	(-0.1,0)	(-0.722905,0)	(-0.108901,-0)	(-0.0134402,-0)	(-0.000800017,0)	(-0.000796604,0)	(-0.108901,0)	(-0.0134402,0)	(-0.000800017,-0)	
(0,0)	(0.630103,0)	(10,0)	(0.630016,0)	(0.1,0)	(10,0)	(1.09087,0)	(0.1,0)	(0.722905,0)	(-0.630103,0)	(-10,0)	(-0.630016,0)	(-0.1,0)	(-10,0)	(-1.09087,0)	(-0.1,0)	(-0.722905,0)	(-0.108901,-0)	(-0.0134402,-0)	(-0.000800017,0)	(-0.000796604,0)	(-0.108901,0)	(-0.0134402,0)	(-0.000800017,-0)	
(0,0)	(0.630103,0)	(10,0)	(0.630016,0)	(0.1,0)	(10,0)	(1.09087,0)	(0.1,0)	(0.722905,0)	(-0.630103,0)	(-10,0)	(-0.630016,0)	(-0.1,0)	(-10,0)	(-1.09087,0)	(-0.1,0)	(-0.722905,0)	(-0.108901,-0)	(-0.0134402,-0)	(-0.000800017,0)	(-0.000796604,0)	(-0.108901,0)	(-0.0134402,0)	(-0.000800017,-0)	
(0,0)	(0.630103,0)	(10,0)	(0.630016,0)	(0.1,0)	(10,0)	(1.09087,0)	(0.1,0)	(0.722905,0)	(-0.630103,0)	(-10,0)	(-0.630016,0)	(-0.1,0)	(-10,0)	(-1.09087,0)	(-0.1,0)	(-0.722905,0)	(-0.108901,-0)	(-0.0134402,-0)	(-0.000800017,0)	(-0.000796604,0)	(-0.108901,0)	(-0.0134402,0)	(-0.000800017,-0)	
(0,0)	(8520.99,0)	(10,0)	(8520.88,0)	(0.1,0)	(10,0)	(63237,0)	(0.1,0)	(63229.2,0)	(-295726,0)	(-10,0)	(-295722,0)	(-0.1,0)	(-10,0)	(-73886.6,0)	(-0.1,0)	(-73877.4,0)	(-0.0129091,-0)	(-0.0129073,-0)	(-0.000774756,0)	(-0.000774509,0)	(0.00160499,-0)	(0.00160503,-0)	(0.00677042,-0)	
(0,0)	(0.861165,0)	(10,0)	(0.667047,0)	(0.1,-0)	(10,-0)	(10.469,0)	(0.1,-0)	(0.763125,0)	(-0.861165,0)	(-10,-0)	(-0.667047,0)	(-0.1,-0)	(-10,-0)	(-10.469,0)	(-0.1,-0)	(-0.763125,0)	(-2.50799,-0)	(-0.0228033,-0)	(-2.05103,0)	(-0.0217969,0)	(-2.50799,-0)	(-0.0228033,-0)	(-2.05103,-0)	
(0,0)	(0.665257,0)	(10,0)	(0.64213,0)	(0.1,0)	(10,0)	(2.92741,0)	(0.1,0)	(0.736273,0)	(-0.665257,0)	(-10,0)	(-0.64213,0)	(-0.1,0)	(-10,0)	(-2.92741,0)	(-0.1,0)	(-0.736273,0)	(-0.57872,-0)	(-0.0165522,-0)	(-0.000800017,0)	(-0.000796604,0)	(-0.57872,0)	(-0.0165522,0)	(-0.000800017,-0)	
(0,0)	(0.641158,0)	(10,0)	(0.631559,0)	(0.1,0)	(10,0)	(1.09087,0)	(0.1,0)	(0.724618,0)	(-0.641158,0)	(-10,0)	(-0.631559,0)	(-0.1,0)	(-10,0)	(-1.09087,0)	(-0.1,0)	(-0.724618,0)	(-0.108901,-0)	(-0.0138389,-0)	(-0.000800017,0)	(-0.000796604,0)	(-0.108901,0)	(-0.0138389,0)	(-0.000800017,-0)	
(0,0)	(0.631398,0)	(10,0)	(0.630043,0)	(0.1,0)	(10,0)	(1.09087,0)	(0.1,0)	(0.722935,0)	(-0.631398,0)	(-10,0)	(-0.630043,0)	(-0.1,0)	(-10,0)	(-1.09087,0)	(-0.1,0)	(-0.722935,0)	(-0.108901,-0)	(-0.0134471,-0)	(-0.000800017,0)	(-0.000796604,0)	(-0.108901,0)	(-0.0134471,0)	(-0.000800017,-0)	
(0,0)	(0.630122,0)	(10,0)	(0.630016,0)	(0.1,0)	(10,0)	(1.09087,0)	(0.1,0)	(0.722905,0)	(-0.630122,0)	(-10,0)	(-0.630016,0)	(-0.1,0)	(-10,0)	(-1.09087,0)	(-0.1,0)	(-0.722905,0)	(-0.108901,-0)	(-0.0134402,-0)	(-0.000800017,0)	(-0.000796604,0)	(-0.108901,0)	(-0.0134402,0)	(-0.000800017,-0)	
(0,0)	(0.630103,0)	(10,0)	(0.630016,0)	(0.1,0)	(10,0)	(1.09087,0)	(0.1,0)	(0.722905,0)	(-0.630103,0)	(-10,0)	(-0.630016,0)	(-0.1,0)	(-10,0)	(-1.09087,0)	(-0.1,0)	(-0.722905,0)	(-0.108901,-0)	(-0.0134402,-0)	(-0.000800017,0)	(-0.000796604,0)	(-0.108901,0)	(-0.0134402,0)	(-0.000800017,-0)	
(0,0)	(8520.99,0)	(10,0)	(8520.88,0)	(0.1,0)	(10,0)	(63237,0)	(0.1,0)	(63229.2,0)	(-295726,0)	(-10,0)	(-295722,0)	(-0.1,0)	(-10,0)	(-73886.6,0)	(-0.1,0)	(-73877.4,0)	(-0.0129091,-0)	(-0.0129073,-0)	(-0.000774756,0)	(-0.000774509,0)	(0.00160499,-0)	(0.00160503,-0)	(0.00677042,-0)	
(0,0)	(0.861165,0)	(10,0)	(0.667047,0)	(0.1,-0)	(10,-0)	(10.469,0)	(0.1,-0)	(0.763125,0)	(-0.861165,0)	(-10,-0)	(-0.667047,0)	(-0.1,-0)	(-10,-0)	(-10.469,0)	(-0.1,-0)	(-0.763125,0)	(-2.50799,-0)	(-0.0228033,-0)	(-2.05103,0)	(-0.0217969,0)	(-2.50799,-0)	(-0.0228033,-0)	(-2.05103,-0)	
(0,0)	(0.665257,0)	(10,0)	(0.64213,0)	(0.1,0)	(10,0)	(2.92741,0)	(0.1,0)	(0.736273,0)	(-0.665257,0)	(-10,0)	(-0.64213,0)	(-0.1,0)	(-10,0)	(-2.92741,0)	(-0.1,0)	(-0.736273,0)	(-0.57872,-0)	(-0.0165522,-0)	(-0.000800017,0)	(-0.000796604,0)	(-0.57872,0)	(-0.0165522,0)	(-0.000800017,-0)	
(0,0)	(8520.99,0)	(10,0)	(8520.88,0)	(0.1,0)	(10,0)	(63237,0)	(0.1,0)	(63229.2,0)	(-295726,0)	(-10,0)	(-295722,0)	(-0.1,0)	(-10,0)	(-73886.6,0)	(-0.1,0)	(-73877.4,0)	(-0.0129091,-0)	(-0.0129073,-0)	(-0.000774756,0)	(-0.000774509,0)	(0.00160499,-0)	(0.00160503,-0)	(0.00677042,-0)	
(0,0)	(0.861165,0)	(10,0)	(0.667047,0)	(0.1,-0)	(10,-0)	(10.469,0)	(0.1,-0)	(0.763125,0)	(-0.861165,0)	(-10,-0)	(-0.667047,0)	(-0.1,-0)	(-10,-0)	(-10.469,0)	(-0.1,-0)	(-0.763125,0)	(-2.50799,-0)	(-0.0228033,-0)	(-2.05103,0)	(-0.0217969,0)	(-2.50799,-0)	(-0.0228033,-0)	(-2.05103,-0)	
(0,0)	(0.665257,0)	(10,0)	(0.64213,0)	(0.1,0)	(10,0)	(2.92741,0)	(0.1,0)	(0.736273,0)	(-0.665257,0)	(-10,0)	(-0.64213,0)	(-0.1,0)	(-10,0)	(-2.92741,0)	(-0.1,0)	(-0.736273,0)	(-0.57872,-0)	(-0.0165522,-0)	(-0.000800017,0)	(-0.000796604,0)	(-0.57872,0)	(-0.0165522,0)	(-0.000800017,-0)	
(0,0)	(0.641158,0)	(10,0)	(0.631559,0)	(0.1,0)	(10,0)	(1.09087,0)	(0.1,0)	(0.724618,0)	(-0.641158,0)	(-10,0)	(-0.631559,0)	(-0.1,0)	(-10,0)	(-1.09087,0)	(-0.1,0)	(-0.724618,0)	(-0.108901,-0)	(-0.0138389,-0)	(-0.000800017,0)	(-0.000796604,0)	(-0.108901,0)	(-0.0138389,0)	(-0.000800017,-0)	
(0,0)	(0.631398,0)	(10,0)	(0.630043,0)	(0.1,0)	(10,0)	(1.09087,0)	(0.1,0)	(0.722935,0)	(-0.631398,0)	(-10,0)	(-0.630043,0)	(-0.1,0)	(-10,0)	(-1.09087,0)	(-0.1,0)	(-0.722935,0)	(-0.108901,-0)	(-0.0134471,-0)	(-0.000800017,0)	(-0.000796604,0)	(-0.108901,0)	(-0.0134471,0)	(-0.000800017,-0)	
(0,0)	(0.630122,0)	(10,0)	(0.630016,0)	(0.1,0)	(10,0)	(1.09087,0)	(0.1,0)	(0.722905,0)	(-0.630122,0)	(-10,0)	(-0.630016,0)	(-0.1,0)	(-10,0)	(-1.09087,0)	(-0.1,0)	(-0.722905,0)	(-0.108901,-0)	(-0.0134402,-0)	(-0.000800017,0)	(-0.000796604,0)	(-0.108901,0)	(-0.0134402,0)	(-0.000800017,-0)	
(0,0)	(0.630103,0)	(10,0)	(0.630016,0)	(0.1,0)	(10,0)	(1.09087,0)	(0.1,0)	(0.722905,0)	(-0.630103,0)	(-10,0)	(-0.630016,0)	(-0.1,0)	(-10,0)	(-1.09087,0)	(-0.1,0)	(-0.722905,0)	(-0.108901,-0)	(-0.0134402,-0)	(-0.000800017,0)	(-0.000796604,0)	(-0.108901,0)	(-0.0134402,0)	(-0.000800017,-0)	
(0,0)	(0.630103,0)	(10,0)	(0.630016,0)	(0.1,0)	(10,0)	(1.09087,0)	(0.1,0)	(0.722905,0)	(-0.630103,0)	(-10,0)	(-0.630016,0)	(-0.1,0)	(-10,0)	(-1.09087,0)	(-0.1,0)	(-0.722905,0)	(-0.108901,-0)	(-0.0134402,-0)	(-0.000800017,0)	(-0.000796604,0)	(-0.108901,0)	(-0.0134402,0)	(-0.000800017,-0)	
(0,0)	(0.630103,0)	(10,0)	(0.630016,0)	(0.1,0)	(10,0)	(1.09087,0)	(0.1,0)	(0.722905,0)	(-0.630103,0)	(-10,0)	(-0.630016,0)	(-0.1,0)	(-10,0)	(-1.09087,0)	(-0.1,0)	(-0.722905,0)	(-0.108901,-0)	(-0.0134402,-0)	(-0.000800017,0)	(-0.000796604,0)	(-0.108901,0)	(-0.0134402,0)	(-0.000800017,-0)	
