f 1m 1f 2m 2f 3m 3f 4m 4f 5m 5f 6m 6f 7m 7f 8m 8f jV0500m jV0500f jV0700m jV0700f jV0200m jV0200f jV0400m jV0400f 
1000 43.429 -0.00325665 0 0 43.4295 -0.00365385 0 0 0 0 434.132 -1.56438 0 0 45.8475 -0.0282401 108.859 178.436 8.67101 179.971 0.991795 179.997 0.790198 179.996
1291.55 43.429 -0.00420612 0 0 43.4295 -0.00471913 0 0 0 0 434.024 -2.02014 0 0 45.8475 -0.0364735 108.832 177.98 8.67101 179.963 0.991795 179.996 0.790198 179.995
1668.1 43.429 -0.00543242 0 0 43.4295 -0.00609499 0 0 0 0 433.844 -2.6084 0 0 45.8475 -0.0471073 108.787 177.392 8.67101 179.952 0.991795 179.995 0.790198 179.993
2154.43 43.429 -0.00701623 0 0 43.4295 -0.00787198 0 0 0 0 433.544 -3.36732 0 0 45.8474 -0.0608414 108.712 176.633 8.67101 179.938 0.991795 179.993 0.790198 179.991
2782.56 43.429 -0.00906182 0 0 43.4295 -0.0101671 0 0 0 0 433.045 -4.34572 0 0 45.8474 -0.0785797 108.587 175.654 8.67101 179.92 0.991795 179.991 0.790198 179.988
3593.81 43.429 -0.0117038 0 0 43.4295 -0.0131313 0 0 0 0 432.217 -5.60555 0 0 45.8474 -0.10149 108.379 174.394 8.671 179.897 0.991795 179.988 0.790198 179.985
4641.59 43.429 -0.015116 0 0 43.4295 -0.0169597 0 0 0 0 430.846 -7.2245 0 0 45.8474 -0.131079 108.035 172.775 8.67099 179.867 0.991795 179.985 0.790198 179.981
5994.84 43.429 -0.0195231 0 0 43.4295 -0.0219043 0 0 0 0 428.588 -9.29808 0 0 45.8473 -0.169294 107.469 170.702 8.67098 179.829 0.991795 179.98 0.790198 179.975
7742.64 43.429 -0.025215 0 0 43.4295 -0.0282904 0 0 0 0 424.899 -11.9396 0 0 45.8471 -0.218652 106.544 168.06 8.67095 179.779 0.991794 179.975 0.790198 179.968
10000 43.429 -0.0325665 0 0 43.4295 -0.0365385 0 0 0 0 418.951 -15.2752 0 0 45.8469 -0.282399 105.053 164.725 8.67091 179.714 0.991794 179.967 0.790198 179.958
12915.5 43.429 -0.0420612 0 0 43.4295 -0.0471913 0 0 0 0 409.562 -19.4292 0 0 45.8465 -0.36473 102.699 160.571 8.67084 179.631 0.991794 179.958 0.790197 179.946
16681 43.429 -0.0543241 0 0 43.4294 -0.0609499 0 0 0 0 395.215 -24.4924 0 0 45.8459 -0.471063 99.1008 155.508 8.67072 179.523 0.991794 179.945 0.790197 179.93
21544.3 43.429 -0.0701623 0 0 43.4294 -0.0787198 0 0 0 0 374.308 -30.4719 0 0 45.8449 -0.608392 93.8585 149.528 8.67052 179.384 0.991794 179.929 0.790197 179.91
27825.6 43.429 -0.0906181 0 0 43.4294 -0.10167 0 0 0 0 345.78 -37.2323 0 0 45.8432 -0.785748 86.705 142.768 8.6702 179.205 0.991793 179.909 0.790197 179.883
35938.1 43.4289 -0.117038 0 0 43.4294 -0.131312 0 0 0 0 309.948 -44.4647 0 0 45.8403 -1.01479 77.72 135.535 8.66965 178.973 0.991793 179.882 0.790196 179.849
46415.9 43.4289 -0.15116 0 0 43.4293 -0.169596 0 0 0 0 268.981 -51.7312 0 0 45.8355 -1.31056 67.4474 128.269 8.66875 178.674 0.991791 179.848 0.790194 179.806
59948.4 43.4288 -0.19523 0 0 43.4292 -0.219041 0 0 0 0 226.377 -58.5837 0 0 45.8275 -1.69246 56.7643 121.416 8.66723 178.287 0.991789 179.804 0.790192 179.749
77426.4 43.4286 -0.252149 0 0 43.4289 -0.282902 0 0 0 0 185.668 -64.6899 0 0 45.8141 -2.18547 46.5567 115.31 8.66471 177.789 0.991785 179.746 0.790188 179.676
100000 43.4283 -0.325661 0 0 43.4286 -0.36538 0 0 0 0 149.326 -69.8893 0 0 45.7919 -2.82173 37.4437 110.111 8.6605 177.145 0.991779 179.672 0.790182 179.581
129155 43.4279 -0.420605 0 0 43.428 -0.471902 0 0 0 0 118.456 -74.1717 0 0 45.7549 -3.64243 29.703 105.828 8.6535 176.314 0.991768 179.577 0.790172 179.459
166810 43.4271 -0.543225 0 0 43.427 -0.609476 0 0 0 0 93.1138 -77.6195 0 0 45.6933 -4.70016 23.3485 102.38 8.64186 175.244 0.99175 179.454 0.790154 179.301
215443 43.4258 -0.701588 0 0 43.4254 -0.787149 0 0 0 0 72.7676 -80.3544 0 0 45.5911 -6.06143 18.2466 99.6452 8.62254 173.866 0.99172 179.294 0.790125 179.098
278256 43.4236 -0.906106 0 0 43.4226 -1.0166 0 0 0 0 56.6608 -82.5035 0 0 45.4223 -7.80925 14.2078 97.496 8.59061 172.097 0.991671 179.089 0.790076 178.835
359381 43.42 -1.17022 0 0 43.4181 -1.3129 0 0 0 0 44.0207 -84.1824 0 0 45.1447 -10.0448 11.0383 95.8169 8.53812 169.834 0.991588 178.823 0.789995 178.495
464159 43.4139 -1.51125 0 0 43.4105 -1.69547 0 0 0 0 34.154 -85.4895 0 0 44.6928 -12.8861 8.56417 94.5097 8.45267 166.958 0.99145 178.48 0.789859 178.056
599484 43.4038 -1.95155 0 0 43.3978 -2.18936 0 0 0 0 26.477 -86.5048 0 0 43.9683 -16.4611 6.63915 93.4942 8.31566 163.337 0.991219 178.037 0.789633 177.49
774264 43.387 -2.51988 0 0 43.3766 -2.82675 0 0 0 0 20.5154 -87.2924 0 0 42.8344 -20.8879 5.14429 92.7062 8.10124 158.852 0.990836 177.465 0.789257 176.759
1e+06 43.3591 -3.25315 0 0 43.3414 -3.64891 0 0 0 0 15.8915 -87.903 0 0 41.1236 -26.2379 3.98482 92.0952 7.77774 153.426 0.990196 176.728 0.78863 175.816
1.29155e+06 43.3125 -4.19859 0 0 43.2829 -4.7085 0 0 0 0 12.3075 -88.3761 0 0 38.6759 -32.4801 3.08613 91.6216 7.31489 147.086 0.989133 175.776 0.787588 174.601
1.6681e+06 43.2351 -5.41622 0 0 43.1858 -6.07215 0 0 0 0 9.53077 -88.7425 0 0 35.4145 -39.4263 2.38986 91.2545 6.69818 140.013 0.987367 174.552 0.78586 173.036
2.15443e+06 43.107 -6.98148 0 0 43.0253 -7.823 0 0 0 0 7.38004 -89.0263 0 0 31.4319 -46.7191 1.85056 90.9698 5.94511 132.557 0.984441 172.977 0.783002 171.025
2.78256e+06 42.8959 -8.98737 0 0 42.7615 -10.0623 0 0 0 0 5.71443 -89.2461 0 0 27.0115 -53.9026 1.4329 90.7489 5.10929 125.162 0.979619 170.959 0.778306 168.45
3.59381e+06 42.5504 -11.545 0 0 42.332 -12.9083 0 0 0 0 4.42463 -89.4163 0 0 22.5393 -60.5532 1.10948 90.5773 4.26375 118.239 0.971729 168.386 0.770662 165.17
4.64159e+06 41.9922 -14.7793 0 0 41.6434 -16.4889 0 0 0 0 3.4259 -89.548 0 0 18.3627 -66.3894 0.859051 90.4436 3.47418 112.051 0.958983 165.131 0.758412 161.03
5.99484e+06 41.1081 -18.8161 0 0 40.5661 -20.9219 0 0 0 0 2.65258 -89.65 0 0 14.6976 -71.3022 0.66514 90.3391 2.78144 106.684 0.938793 161.068 0.739253 155.875
7.74264e+06 39.75 -23.7536 0 0 38.9412 -26.2784 0 0 0 0 2.05381 -89.729 0 0 11.6215 -75.3164 0.514998 90.257 2.20021 102.084 0.907779 156.097 0.710382 149.588
1e+07 37.7563 -29.6136 0 0 36.6173 -32.5264 0 0 0 0 1.5902 -89.7902 0 0 9.11617 -78.531 0.398746 90.1918 1.72708 98.1127 0.862249 150.193 0.669147 142.141
1.29155e+07 35.0085 -36.2826 0 0 33.5226 -39.4764 0 0 0 0 1.23124 -89.8376 0 0 7.11487 -81.0724 0.308735 90.1391 1.34947 94.5961 0.799501 143.468 0.61436 133.649
1.6681e+07 31.5154 -43.475 0 0 29.7461 -46.77 0 0 0 0 0.953305 -89.8742 0 0 5.53555 -83.0653 0.239043 90.0957 1.05192 91.3476 0.719732 136.202 0.547751 124.38
2.15443e+07 27.4694 -50.7643 0 0 25.5571 -53.9512 0 0 0 0 0.73811 -89.9026 0 0 4.29854 -84.6202 0.185082 90.0585 0.819435 88.1789 0.627338 128.819 0.474321 114.678
2.78256e+07 23.2091 -57.6958 0 0 21.3218 -60.5968 0 0 0 0 0.571492 -89.9246 0 0 3.33408 -85.8297 0.143303 90.0252 0.638906 84.9024 0.530053 121.766 0.400822 104.843
3.59381e+07 19.0953 -63.916 0 0 17.3683 -66.4269 0 0 0 0 0.442486 -89.9416 0 0 2.5842 -86.7688 0.110954 89.9936 0.499479 81.3299 0.436113 115.389 0.333323 95.0284
4.64159e+07 15.3927 -69.2413 0 0 13.9002 -71.3332 0 0 0 0 0.342601 -89.9548 0 0 2.00212 -87.4971 0.0859078 89.9615 0.392434 77.2757 0.351568 109.861 0.275632 85.2412
5.99484e+07 12.2296 -73.6442 0 0 10.9902 -75.3414 0 0 0 0 0.265263 -89.965 0 0 1.55076 -88.0616 0.0665154 89.9269 0.310889 72.5685 0.279347 105.197 0.229147 75.4278
7.74264e+07 9.62301 -77.1981 0 0 8.62062 -78.5509 0 0 0 0 0.205384 -89.9729 0 0 1.20097 -88.499 0.0515005 89.8875 0.249455 67.08 0.219837 101.305 0.193529 65.5921
1e+08 7.52511 -80.0218 0 0 6.72793 -81.0881 0 0 0 0 0.159021 -89.979 0 0 0.929999 -88.8377 0.0398751 89.8407 0.203903 60.7731 0.17195 98.0454 0.167459 55.8833
