f 1m 1f 2m 2f 3m 3f 4m 4f 5m 5f 6m 6f 7m 7f 8m 8f jV0500m jV0500f jV0700m jV0700f jV0200m jV0200f jV0400m jV0400f
1.0000000000e+003 4.342904322017360e+001 -0.003256647874498 0.000000000000000e+000 0.000000000000000 4.342947314225029e+001 -0.003653850147574 0.000000000000000e+000 179.999999999988148 0.000000000000000e+000 179.999999999988148 4.342922918544310e+002 -0.157647484224621 0.000000000000000e+000 179.999999999988148 4.584746805164341e+001 -0.019535340016133 1.088995877824915e+002 179.842350712606361 8.671013220319926e+000 179.980128652567487 7.999999987077909e-001 179.996719380731378 7.966048228310414e-001 179.995815623751298
1.2915496650e+003 4.342904317330431e+001 -0.004206122468354 0.000000000000000e+000 0.000000000000000 4.342947308325020e+001 -0.004719128929840 0.000000000000000e+000 179.999999999988148 0.000000000000000e+000 179.999999999988148 4.342911935568490e+002 -0.203609212163065 0.000000000000000e+000 179.999999999988148 4.584746627121783e+001 -0.025230861200584 1.088993123823609e+002 179.796388458958063 8.671012883692251e+000 179.974335168536783 7.999999978444653e-001 179.995762917289056 7.966048217716479e-001 179.994595670265426
1.6681005372e+003 4.342904309512161e+001 -0.005432416058494 0.000000000000000e+000 0.000000000000000 4.342947298483215e+001 -0.006094989379289 0.000000000000000e+000 179.999999999988148 0.000000000000000e+000 179.999999999988148 4.342893615046052e+002 -0.262970670199790 0.000000000000000e+000 179.999999999988148 4.584746330128944e+001 -0.032586908924364 1.088988529919045e+002 179.737026321940931 8.671012322163536e+000 179.966852596931773 7.999999964043513e-001 179.994527597254034 7.966048200044732e-001 179.993020039754384
2.1544346900e+003 4.342904296470502e+001 -0.007016235126523 0.000000000000000e+000 0.000000000000000 4.342947282066092e+001 -0.007871981471251 0.000000000000000e+000 179.999999999988148 0.000000000000000e+000 179.999999999988148 4.342863055088675e+002 -0.339638087685838 0.000000000000000e+000 179.999999999988148 4.584745834715157e+001 -0.042087608273227 1.088980866953750e+002 179.660358027517987 8.671011385477428e+000 179.957188485706496 7.999999940020966e-001 179.992932120084106 7.966048170566481e-001 179.990985034706313
2.7825594022e+003 4.342904274715703e+001 -0.009061816097064 0.000000000000000e+000 0.000000000000000 4.342947254680683e+001 -0.010167054989457 0.000000000000000e+000 179.999999999988148 0.000000000000000e+000 179.999999999988148 4.342812079442958e+002 -0.438656025751601 0.000000000000000e+000 179.999999999988148 4.584745008315510e+001 -0.054358229834521 1.088968084717204e+002 179.561338956844651 8.671009822991500e+000 179.944706809590969 7.999999899948943e-001 179.990871482095997 7.966048121393799e-001 179.988356724641136
3.5938136638e+003 4.342904238426511e+001 -0.011703785479392 0.000000000000000e+000 0.000000000000000 4.342947208999068e+001 -0.013131256373740 0.000000000000000e+000 179.999999999988148 0.000000000000000e+000 179.999999999988148 4.342727050935330e+002 -0.566538648027052 0.000000000000000e+000 179.999999999988148 4.584743629798810e+001 -0.070206339460727 1.088946763663151e+002 179.433454871750257 8.671007216609770e+000 179.928586112526006 7.999999833104778e-001 179.988210065827644 7.966048039368817e-001 179.984962131706396
4.6415888336e+003 4.342904177892492e+001 -0.015116020074851 0.000000000000000e+000 0.000000000000000 4.342947132797546e+001 -0.016959669572345 0.000000000000000e+000 179.999999999988148 0.000000000000000e+000 179.999999999988148 4.342585225949487e+002 -0.731696869839337 0.000000000000000e+000 179.999999999988148 4.584741330297128e+001 -0.090674943893413 1.088911200788140e+002 179.268294760634689 8.671002868908230e+000 179.907765447878148 7.999999721601999e-001 179.984772714613058 7.966047902542913e-001 179.980577846445300
5.9948425032e+003 4.342904076915669e+001 -0.019523090361411 0.000000000000000e+000 0.000000000000000 4.342947005685752e+001 -0.021904255127522 0.000000000000000e+000 179.999999999988148 0.000000000000000e+000 179.999999999988148 4.342348678532632e+002 -0.944988527910242 0.000000000000000e+000 179.999999999988148 4.584737494504840e+001 -0.117111128090560 1.088851886090029e+002 179.055000662434736 8.670995616519519e+000 179.880874560428254 7.999999535604160e-001 179.980333204965490 7.966047674303560e-001 179.974915324514740
7.7426368268e+003 4.342903908476192e+001 -0.025215040164359 0.000000000000000e+000 0.000000000000000 4.342946793650527e+001 -0.028290432451537 0.000000000000000e+000 179.999999999988148 0.000000000000000e+000 179.999999999988148 4.341954179665768e+002 -1.220425691033818 0.000000000000000e+000 179.999999999988148 4.584731096039084e+001 -0.151254697527105 1.088752964776475e+002 178.779560347763322 8.670983518846530e+000 179.846143719158277 7.999999225341097e-001 179.974599358116677 7.966047293577422e-001 179.967601896707095
1.0000000000e+004 4.342903627502254e+001 -0.032566475272973 0.000000000000000e+000 0.000000000000000 4.342946439954523e+001 -0.036538496572076 0.000000000000000e+000 179.999999999988148 0.000000000000000e+000 179.999999999988148 4.341296355093203e+002 -1.576081170802055 0.000000000000000e+000 179.999999999988148 4.584720422814535e+001 -0.195352650735618 1.088588014059827e+002 178.423900797614522 8.670963338824439e+000 179.801287275210882 7.999998707791192e-001 179.967193810892553 7.966046658488070e-001 179.958156242538280
1.2915496650e+004 4.342903158809597e+001 -0.042061217203317 0.000000000000000e+000 0.000000000000000 4.342945849954221e+001 -0.047191278733775 0.000000000000000e+000 179.999999999988148 0.000000000000000e+000 179.999999999988148 4.340199702607329e+002 -2.035244241923010 0.000000000000000e+000 179.999999999988148 4.584702618968812e+001 -0.252306997424684 1.088313026440022e+002 177.964732469394903 8.670929676832410e+000 179.743353300063887 7.999997844466142e-001 179.957629180477511 7.966045599095526e-001 179.945956713357930
1.6681005372e+004 4.342902376983464e+001 -0.054324144469300 0.000000000000000e+000 0.000000000000000 4.342944865774935e+001 -0.060949871032100 0.000000000000000e+000 179.999999999988148 0.000000000000000e+000 179.999999999988148 4.338372223967806e+002 -2.627880932987196 0.000000000000000e+000 179.999999999988148 4.584672920825750e+001 -0.325865610761305 1.087854782823380e+002 177.372088988526713 8.670873526118180e+000 179.668529447924385 7.999996404353783e-001 179.945275988762546 7.966043831923224e-001 179.930200420480929
2.1544346900e+004 4.342901072819808e+001 -0.070162316545150 0.000000000000000e+000 0.000000000000000 4.342943224066430e+001 -0.078719765675908 0.000000000000000e+000 179.999999999988148 0.000000000000000e+000 179.999999999988148 4.335328936154290e+002 -3.392450722424256 0.000000000000000e+000 179.999999999988148 4.584623382621620e+001 -0.420868588667389 1.087091672829102e+002 176.607510429720577 8.670779863510026e+000 179.571892351274585 7.999994002103316e-001 179.929321235667828 7.966040884104850e-001 179.909850396356433
2.7825594022e+004 4.342898897346331e+001 -0.090618086168546 0.000000000000000e+000 0.000000000000000 4.342940485535731e+001 -0.101670444248495 0.000000000000000e+000 179.999999999988148 0.000000000000000e+000 179.999999999988148 4.330266647032369e+002 -4.378104988043916 0.000000000000000e+000 179.999999999988148 4.584540751490031e+001 -0.543566153224560 1.085822294558107e+002 175.621844838025197 8.670623631619859e+000 179.447084241219159 7.999989994912838e-001 179.908714895868599 7.966035966854927e-001 179.883567352487489
3.5938136638e+004 4.342895268445128e+001 -0.117037693637854 0.000000000000000e+000 0.000000000000000 4.342935917402731e+001 -0.131312336130116 0.000000000000000e+000 179.999999999988148 0.000000000000000e+000 179.999999999988148 4.321861559669935e+002 -5.647213058634675 0.000000000000000e+000 179.999999999988148 4.584402924397066e+001 -0.702028612266692 1.083714703504588e+002 174.352722139245174 8.670363039919344e+000 179.285895907884139 7.999983310529650e-001 179.882100819539147 7.966027764408534e-001 179.849621545474662
4.6415888336e+004 4.342889215093325e+001 -0.151159853548875 0.000000000000000e+000 0.000000000000000 4.342928297329698e+001 -0.169596205359465 0.000000000000000e+000 179.999999999988148 0.000000000000000e+000 179.999999999988148 4.307949289325722e+002 -7.277968302816507 0.000000000000000e+000 179.999999999988148 4.584173042609009e+001 -0.906674507207382 1.080226176229709e+002 172.721948002030359 8.669928399065594e+000 179.077729410996255 7.999972160343750e-001 179.847727493436992 7.966014081961307e-001 179.805778956424774
5.9948425032e+004 4.342879117550262e+001 -0.195230155597287 0.000000000000000e+000 0.000000000000000 4.342915586371037e+001 -0.219041494821780 0.000000000000000e+000 179.999999999988148 0.000000000000000e+000 179.999999999988148 4.285038237539792e+002 -9.366404827091912 0.000000000000000e+000 179.999999999988148 4.583789653618763e+001 -1.170949861758588 1.074481188023339e+002 170.633487076464547 8.669203519917273e+000 178.808907024357609 7.999953560816420e-001 179.803332797778609 7.965991258425128e-001 179.749154304941356
7.7426368268e+004 4.342862273989985e+001 -0.252148790097777 0.000000000000000e+000 0.000000000000000 4.342894383462426e+001 -0.282902048468910 0.000000000000000e+000 179.999999999988148 0.000000000000000e+000 179.999999999988148 4.247620518600519e+002 -12.026317366993624 0.000000000000000e+000 179.999999999988148 4.583150336241675e+001 -1.512199267053234 1.065098626453328e+002 167.973543021084396 8.667994753279993e+000 178.461784901677333 7.999922535223597e-001 179.745995192819947 7.965953186921262e-001 179.676021250191212
1.0000000000e+005 4.342834177674157e+001 -0.325661280786761 0.000000000000000e+000 0.000000000000000 4.342859015570248e+001 -0.365380062175707 0.000000000000000e+000 179.999999999988148 0.000000000000000e+000 179.999999999988148 4.187327646047081e+002 -15.384105771222092 0.000000000000000e+000 179.999999999988148 4.582084485606856e+001 -1.952777603885431 1.049980078209309e+002 164.615713913050286 8.665979534137040e+000 178.013621659499677 7.999870782218872e-001 179.671941580976380 7.965889681074787e-001 179.581567344044885
1.2915496650e+005 4.342787311408100e+001 -0.420604692056631 0.000000000000000e+000 0.000000000000000 4.342800020293149e+001 -0.471902223144118 0.000000000000000e+000 179.999999999988148 0.000000000000000e+000 179.999999999988148 4.092225268337446e+002 -19.563514461536354 0.000000000000000e+000 179.999999999988148 4.580308193188309e+001 -2.521457268883751 1.026132982779482e+002 160.436252651749498 8.662621072792140e+000 177.435145714324250 7.999784455239130e-001 179.576299284861221 7.965783750415046e-001 179.459577730218314
1.6681005372e+005 4.342709137140871e+001 -0.543225329923650 0.000000000000000e+000 0.000000000000000 4.342701615589755e+001 -0.609475951080839 0.000000000000000e+000 179.999999999988148 0.000000000000000e+000 179.999999999988148 3.947055601218884e+002 -24.653874753683628 0.000000000000000e+000 179.999999999988148 4.577349750383254e+001 -3.255184360233800 9.897314228116848e+001 155.345824461562188 8.657027503751628e+000 176.688766244430184 7.999640459377159e-001 179.452776002507790 7.965607057098537e-001 179.302027033827414
2.1544346900e+005 4.342578743997710e+001 -0.701588448496854 0.000000000000000e+000 0.000000000000000 4.342537481536097e+001 -0.787148625708720 0.000000000000000e+000 179.999999999988148 0.000000000000000e+000 179.999999999988148 3.735875008655972e+002 -30.658920912227671 0.000000000000000e+000 179.999999999988148 4.572427501714336e+001 -4.201215988413092 9.367775023630037e+001 149.340690609327282 8.647720941975399e+000 175.726393449247468 7.999400277106369e-001 179.293247073753520 7.965312341797238e-001 179.098553144823768
2.7825594022e+005 4.342361261260636e+001 -0.906106070814166 0.000000000000000e+000 0.000000000000000 4.342263730842703e+001 -1.016598816360322 0.000000000000000e+000 179.999999999988148 0.000000000000000e+000 179.999999999988148 3.448336029228261e+002 -37.438179720329067 0.000000000000000e+000 179.999999999988148 4.564251915087720e+001 -5.419603037656853 8.646765765272657e+001 142.561318540468818 8.632263256945880e+000 174.486900989044642 7.998999677072742e-001 179.087223749693834 7.964820801921672e-001 178.835779474491517
3.5938136638e+005 4.341998550892674e+001 -1.170215820644180 0.000000000000000e+000 0.000000000000000 4.341807202349364e+001 -1.312895825713318 0.000000000000000e+000 179.999999999988148 0.000000000000000e+000 179.999999999988148 3.088122595678720e+002 -44.678171618359777 0.000000000000000e+000 179.999999999988148 4.550711264831230e+001 -6.985813765540223 7.743523981895611e+001 135.321180360545299 8.606661796462332e+000 172.893431613077780 7.998331569860965e-001 178.821169311296813 7.964001072268855e-001 178.496443687152151
4.6415888336e+005 4.341393715740281e+001 -1.511251480769643 0.000000000000000e+000 0.000000000000000 4.341045987251061e+001 -1.695471947207062 0.000000000000000e+000 179.999999999988148 0.000000000000000e+000 179.999999999988148 2.677442304542649e+002 -51.938667697447954 0.000000000000000e+000 179.999999999988148 4.528389824809169e+001 -8.992919465845388 6.713735628652088e+001 128.060495351127429 8.564458447555486e+000 170.851120097638500 7.997217472331639e-001 178.477621989334068 7.962634260007407e-001 178.058281171753549
5.9948425032e+005 4.340385352124704e+001 -1.951554059761494 0.000000000000000e+000 0.000000000000000 4.339777094414112e+001 -2.189359420153874 0.000000000000000e+000 179.999999999988148 0.000000000000000e+000 179.999999999988148 2.251486127223480e+002 -58.773371295697551 0.000000000000000e+000 179.999999999988148 4.491875370842857e+001 -11.552008241182575 5.645642711025918e+001 121.225547739973862 8.495420375017165e+000 168.246561441657491 7.995360081277204e-001 178.034075474402329 7.960355889893529e-001 177.492601811391438
7.7426368268e+005 4.338704862688611e+001 -2.519878225090842 0.000000000000000e+000 0.000000000000000 4.337662927456925e+001 -2.826747761501717 0.000000000000000e+000 179.999999999988148 0.000000000000000e+000 179.999999999988148 1.845394143198111e+002 -64.854511693440514 0.000000000000000e+000 179.999999999988148 4.432883140157887e+001 -14.788134559437729 4.627359622065743e+001 115.144092187446574 8.383883817672055e+000 164.951708897987629 7.992264644328669e-001 177.461561604835794 7.956559812694902e-001 176.762492192145714
1.0000000000e+006 4.335905975819277e+001 -3.253147578789103 0.000000000000000e+000 0.000000000000000 4.334143149863997e+001 -3.648909005943293 0.000000000000000e+000 179.999999999988148 0.000000000000000e+000 179.999999999988148 1.483466815430130e+002 -70.026756064614545 0.000000000000000e+000 179.999999999988148 4.339447617224027e+001 -18.827118710303878 3.719820217842979e+001 109.971440778216547 8.207226327676745e+000 160.836877736999384 7.987109135819549e-001 176.722881040333647 7.950239988239356e-001 175.820580065873401
1.2915496650e+006 4.331249180832756e+001 -4.198591035088375 0.000000000000000e+000 0.000000000000000 4.328290826274660e+001 -4.708500825690757 0.000000000000000e+000 179.999999999988148 0.000000000000000e+000 179.999999999988148 1.176410940952375e+002 -74.283422614067732 0.000000000000000e+000 179.999999999988148 4.195928369188102e+001 -23.766851298614050 2.949871988087121e+001 105.714248518898756 7.935878579946274e+000 155.799186749062386 7.978531388244671e-001 175.770448737180004 7.939732275769528e-001 174.606331043914508
1.6681005372e+006 4.323514456864184e+001 -5.416224885393870 0.000000000000000e+000 0.000000000000000 4.318581097000254e+001 -6.072153544038517 0.000000000000000e+000 179.999999999988148 0.000000000000000e+000 179.999999999988148 9.245387489113158e+001 -77.708632203154494 0.000000000000000e+000 179.999999999988148 3.985267310651598e+001 -29.629007439950968 2.318297853139550e+001 102.288359949413078 7.537593770710683e+000 149.810516306120434 7.964284142063069e-001 174.543788445454197 7.922299345750515e-001 173.042945966646926
2.1544346900e+006 4.310703862925496e+001 -6.981476547258591 0.000000000000000e+000 0.000000000000000 4.302528700549538e+001 -7.823003083347206 0.000000000000000e+000 179.999999999988148 0.000000000000000e+000 179.999999999988148 7.224231788874349e+001 -80.424663889494951 0.000000000000000e+000 179.999999999988148 3.694987129441079e+001 -36.299793181453587 1.811489359626049e+001 99.571451326167121 6.988791475226363e+000 142.976339325820987 7.940687222175092e-001 172.966878689198467 7.893480572427750e-001 171.034164688736524
2.7825594022e+006 4.289585595240234e+001 -8.987372518218409 0.000000000000000e+000 0.000000000000000 4.276145475230881e+001 -10.062313535394882 0.000000000000000e+000 179.999999999988148 0.000000000000000e+000 179.999999999988148 5.624714929557395e+001 -82.558490254464914 0.000000000000000e+000 179.999999999988148 3.326046937614097e+001 -43.492938822653180 1.410407578167953e+001 97.436492353633369 6.291304132044327e+000 135.572183588966197 7.901787701585418e-001 170.945925716800218 7.846119949618997e-001 168.461792629967164
3.5938136638e+006 4.255038524127944e+001 -11.544959083469433 0.000000000000000e+000 0.000000000000000 4.233195447658629e+001 -12.908333876871005 0.000000000000000e+000 179.999999999988148 0.000000000000000e+000 179.999999999988148 4.369715548871890e+001 -84.225325004819055 0.000000000000000e+000 179.999999999988148 2.898814215932300e+001 -50.781940636320947 1.095714185970305e+001 95.768194784365548 5.483669932960009e+000 128.010690105848568 7.838152556966320e-001 168.368892300317896 7.769033835117868e-001 165.185757500402730
4.6415888336e+006 4.199222630316601e+001 -14.779267648886416 0.000000000000000e+000 0.000000000000000 4.164343270402679e+001 -16.488863424509624 0.000000000000000e+000 179.999999999988148 0.000000000000000e+000 179.999999999988148 3.390192135272911e+001 -85.522812888731480 0.000000000000000e+000 179.999999999988148 2.449058325619647e+001 -57.712005120248193 8.500968976380538e+000 94.468817597187964 4.633556409314946e+000 120.728771686068683 7.735340647858612e-001 165.109467190724473 7.645495290400799e-001 161.050167115619075
5.9948425032e+006 4.110812654068466e+001 -18.816144067561972 0.000000000000000e+000 0.000000000000000 4.056607670822714e+001 -20.921924807204466 0.000000000000000e+000 179.999999999988148 0.000000000000000e+000 179.999999999988148 2.628111721788386e+001 -86.530650020491407 0.000000000000000e+000 179.999999999988148 2.014841460975945e+001 -63.930171223088081 6.590038405252971e+000 93.458540336456323 3.812971794514494e+000 114.056346568131090 7.572491167141266e-001 161.040151572500832 7.452284555701453e-001 155.900915350937055
7.7426368268e+006 3.975000321653408e+001 -23.753598591425678 0.000000000000000e+000 0.000000000000000 3.894119353096623e+001 -26.278374154230711 0.000000000000000e+000 179.999999999988148 0.000000000000000e+000 179.999999999988148 2.036345356627195e+001 -87.312493233929814 0.000000000000000e+000 179.999999999988148 1.624096033424014e+001 -69.253190802502289 5.106173438076545e+000 92.673545575321228 3.074775655954028e+000 108.147011598750055 7.322327873127138e-001 156.060800350652414 7.161118548032919e-001 149.620970917695246
1.0000000000e+007 3.775625291335171e+001 -29.613565679004338 0.000000000000000e+000 0.000000000000000 3.661730824370647e+001 -32.526356466657809 0.000000000000000e+000 179.999999999988148 0.000000000000000e+000 179.999999999988148 1.577362882888865e+001 -87.918549849639234 0.000000000000000e+000 179.999999999988148 1.290321574738232e+001 -73.653958342356077 3.955266521148696e+000 92.063418579367621 2.444544647488694e+000 102.989811627663229 6.955084523497981e-001 150.146721896990329 6.745258623227680e-001 142.183467021853062
1.2915496650e+007 3.500847918695343e+001 -36.282647775651057 0.000000000000000e+000 0.000000000000000 3.352264864247546e+001 -39.476350587370241 0.000000000000000e+000 179.999999999988148 0.000000000000000e+000 179.999999999988148 1.221617553322130e+001 -88.388124777388470 0.000000000000000e+000 179.999999999988148 1.015283227936194e+001 -77.205902729030910 3.063228647370695e+000 91.588586553652775 1.925678973836340e+000 98.462665077189556 6.448954456537372e-001 143.407752930278917 6.192703572533997e-001 133.704029341922535
1.6681005372e+007 3.151535872055991e+001 -43.474994654347491 0.000000000000000e+000 0.000000000000000 2.974607444196049e+001 -46.770032887219280 0.000000000000000e+000 179.999999999988148 0.000000000000000e+000 179.999999999988148 9.460040119996641e+000 -88.751851682881806 0.000000000000000e+000 179.999999999988148 7.939324030371574e+000 -80.027923672634856 2.372122717239828e+000 91.218069845635995 1.508711379833878e+000 94.384912187801604 5.805539117982417e-001 136.125145081142904 5.520871591861092e-001 124.449643382026437
2.1544346900e+007 2.746937200089093e+001 -50.764334951226346 0.000000000000000e+000 0.000000000000000 2.555711512687023e+001 -53.951207915594416 0.000000000000000e+000 179.999999999988148 0.000000000000000e+000 179.999999999988148 7.325261569831577e+000 -89.033542859625626 0.000000000000000e+000 179.999999999988148 6.184380755591596e+000 -82.247721366457228 1.836823180325656e+000 90.927609302995094 1.178934545761169e+000 90.551373213834978 5.060298049338088e-001 128.719231259520996 4.780179272919534e-001 114.767052570026067
2.7825594022e+007 2.320911891351032e+001 -57.695773842543069 0.000000000000000e+000 0.000000000000000 2.132177260091845e+001 -60.596848418460731 0.000000000000000e+000 0.000000000000000 0.000000000000000e+000 0.000000000000000 5.672007159578309e+000 -89.251678910713835 0.000000000000000e+000 0.000000000000000 4.805884992381832e+000 -83.983011502821014 1.422266731407408e+000 90.698147183072592 9.209466106599714e-001 86.749069321057618 4.275607261345287e-001 121.637238337222399 4.038669287846582e-001 104.955177460527409
3.5938136638e+007 1.909525808147963e+001 -63.915981548114850 0.000000000000000e+000 0.000000000000000 1.736829497198054e+001 -66.426851346072723 0.000000000000000e+000 0.000000000000000 0.000000000000000e+000 0.000000000000000 4.391779169622105e+000 -89.420588962594792 0.000000000000000e+000 0.000000000000000 3.729237148931312e+000 -85.334402005024188 1.101247376632998e+000 90.514608956712792 7.207949981359806e-001 82.764290562535933 3.517906910247489e-001 115.222596551989923 3.357534683032670e-001 95.167431474343985
4.6415888336e+007 1.539269961024128e+001 -69.241282670346763 0.000000000000000e+000 0.000000000000000 1.390020851597668e+001 -71.333207971144731 0.000000000000000e+000 0.000000000000000 0.000000000000000e+000 0.000000000000000 3.400464751313117e+000 -89.551376951420025 0.000000000000000e+000 0.000000000000000 2.891246180589226e+000 -86.384398170596057 8.526736755785654e-001 90.364927966815415 5.667099046970722e-001 78.388446702653894 2.836001087194288e-001 109.646204161751143 2.775150766687190e-001 85.409507031258428
5.9948425032e+007 1.222963964152622e+001 -73.644250116413829 0.000000000000000e+000 0.000000000000000 1.099024852962752e+001 -75.341357648811112 0.000000000000000e+000 0.000000000000000 0.000000000000000e+000 0.000000000000000 2.632888685826117e+000 -89.652644623197958 0.000000000000000e+000 0.000000000000000 2.240371849185023e+000 -87.199082297223498 6.602028362422120e-001 90.239259073356266 4.491380896686487e-001 73.431095845009878 2.253512347909041e-001 104.919004489872464 2.305632766123995e-001 75.624510194072982
7.7426368268e+007 9.623014403546717e+000 -77.198139583743369 0.000000000000000e+000 0.000000000000000 8.620622345855868e+000 -78.550915608696030 0.000000000000000e+000 0.000000000000000 0.000000000000000e+000 0.000000000000000 2.038565094191249e+000 -89.731054027088817 0.000000000000000e+000 0.000000000000000 1.735468638043227e+000 -87.830659178519909 5.111754494410237e-001 90.129334339076863 3.604756452124579e-001 67.748349638363180 1.773571100922271e-001 100.946492138034529 1.945615524083620e-001 65.811444577384762
1.0000000000e+008 7.525106387785946e+000 -80.021792456181231 0.000000000000000e+000 0.000000000000000 6.727931821666632e+000 -81.088060017852314 0.000000000000000e+000 0.000000000000000 0.000000000000000e+000 0.000000000000000 1.578393881675936e+000 -89.791764288025902 0.000000000000000e+000 0.000000000000000 1.344096070285718e+000 -88.320036709199996 3.957871173365548e-001 90.027920591490499 2.946937137616691e-001 61.290746796841695 1.387401418976017e-001 97.582466512090463 1.681857331284419e-001 56.114020616286751
